0.0082823587
0.0081343563
0.0087118891
0.0096176786
0.014324257
0.0167813344
0.0174476048
0.0190562256
0.0221885653
0.0342925362
0.0190767278
0.0162443412
0.0214633579
0.0330397969
0.032560515
0.02632395
0.0206243813
0.0240689808
0.0229969765
0.0349382364
0.0360720593
0.0295160364
0.0281280611
0.0306480109
0.0425681703
0.0400563746
0.0406001635
0.0491507622
0.0546523071
0.0490267307
0.0332471502
0.0491329471
0.0664139043
0.0713894927
0.0806023979
0.094243902
0.1123069048
0.1226546361
0.0968193312
0.1351343433
0.1325497408
0.138282168
0.1060109638
0.1129126403
0.1036229491
0.1188195343
0.0956482734
0.0950119767
0.1254225656
0.1394809808
0.1561845445
